0 0.43515625 0.58359375 0.06875 0.0859375
0 0.48046875 0.59453125 0.0390625 0.05
0 0.49140625 0.52265625 0.0375 0.046875
0 0.5109375 0.446875 0.034375 0.0453125
0 0.53515625 0.3765625 0.0421875 0.040625
0 0.5625 0.31015625 0.0421875 0.0421875
0 0.52109375 0.2359375 0.059375 0.0671875
0 0.55859375 0.2328125 0.08125 0.0703125
0 0.5953125 0.2421875 0.0484375 0.040625
0 0.63046875 0.18515625 0.0515625 0.0421875
0 0.67890625 0.12265625 0.046875 0.0375
0 0.728125 0.071875 0.053125 0.0375
0 0.7875 0.02109375 0.0546875 0.034375