0 0.43828125 0.5859375 0.0703125 0.0875
0 0.48359375 0.5953125 0.040625 0.05
0 0.4921875 0.5234375 0.0390625 0.0484375
0 0.509375 0.446875 0.0359375 0.0453125
0 0.53046875 0.37578125 0.04375 0.0421875
0 0.55625 0.30859375 0.04375 0.04375
0 0.51171875 0.2359375 0.0609375 0.06875
0 0.54921875 0.23125 0.084375 0.0734375
0 0.58671875 0.2390625 0.0484375 0.0421875
0 0.61953125 0.18125 0.0515625 0.04375
0 0.665625 0.1171875 0.046875 0.0390625
0 0.71328125 0.06484375 0.0546875 0.0390625
0 0.7703125 0.01484375 0.05625 0.0296875