0 0.4265625 0.5765625 0.06015625 0.0796875
0 0.4703125 0.5921875 0.034375 0.04609375
0 0.4890625 0.521875 0.03359375 0.04375
0 0.51640625 0.4484375 0.0296875 0.0421875
0 0.54765625 0.38125 0.03828125 0.03671875
0 0.58203125 0.31796875 0.03828125 0.03828125
0 0.5484375 0.23984375 0.053125 0.0625
0 0.5859375 0.240625 0.07578125 0.06328125
0 0.621875 0.25390625 0.04453125 0.03671875
0 0.6625 0.20078125 0.04765625 0.03671875
0 0.7171875 0.14375 0.04296875 0.0328125
0 0.771875 0.0984375 0.05 0.0328125
0 0.8359375 0.05390625 0.05234375 0.02890625
0 0.88046875 0.01484375 0.115625 0.02890625