0 0.48125 0.6984375 0.01875 0.0296875
0 0.49140625 0.6453125 0.025 0.04375
0 0.49765625 0.571875 0.025 0.046875
0 0.50390625 0.49765625 0.025 0.0453125
0 0.4546875 0.41875 0.0140625 0.040625
0 0.48046875 0.41953125 0.028125 0.04375
0 0.5078125 0.421875 0.028125 0.0453125
0 0.51171875 0.346875 0.028125 0.0453125
0 0.51640625 0.2734375 0.0265625 0.04375
0 0.51875 0.19921875 0.0265625 0.046875
0 0.521875 0.12265625 0.028125 0.0453125
0 0.46875 0.0421875 0.015625 0.0421875
0 0.496875 0.04296875 0.0296875 0.0453125
0 0.5265625 0.04765625 0.0265625 0.0390625