0 0.475 0.69765625 0.0203125 0.0296875
0 0.4859375 0.6453125 0.0265625 0.0453125
0 0.4953125 0.57109375 0.0265625 0.0484375
0 0.50390625 0.49765625 0.0265625 0.0453125
0 0.4578125 0.4171875 0.015625 0.040625
0 0.48359375 0.41875 0.028125 0.0453125
0 0.51015625 0.42265625 0.028125 0.0453125
0 0.5171875 0.34765625 0.0296875 0.046875
0 0.52421875 0.27421875 0.028125 0.04375
0 0.52890625 0.2 0.028125 0.046875
0 0.53515625 0.12421875 0.028125 0.0453125
0 0.48515625 0.04140625 0.0171875 0.0421875
0 0.51328125 0.04296875 0.03125 0.046875
0 0.5421875 0.04921875 0.028125 0.0390625