0 0.4953125 0.63359375 0.02734375 0.04765625
0 0.50078125 0.55625 0.02578125 0.04609375
0 0.43984375 0.4734375 0.0140625 0.0421875
0 0.47421875 0.47734375 0.028125 0.04765625
0 0.50859375 0.48203125 0.02890625 0.0515625
0 0.515625 0.40546875 0.02734375 0.04921875
0 0.52421875 0.33203125 0.02578125 0.04765625
0 0.53359375 0.2546875 0.02890625 0.04921875
0 0.5421875 0.17734375 0.02734375 0.0453125
0 0.48046875 0.09765625 0.01328125 0.04765625
0 0.515625 0.09765625 0.03046875 0.05
0 0.55078125 0.10546875 0.0296875 0.04609375
0 0.559375 0.0296875 0.0296875 0.04921875