0 0.47421875 0.63125 0.034375 0.0515625
0 0.4921875 0.55546875 0.0328125 0.05
0 0.44453125 0.4640625 0.0203125 0.04375
0 0.478125 0.4734375 0.0359375 0.0515625
0 0.5109375 0.48359375 0.0359375 0.0546875
0 0.53046875 0.409375 0.034375 0.053125
0 0.55 0.3375 0.0328125 0.0515625
0 0.571875 0.26328125 0.0359375 0.053125
0 0.5921875 0.18828125 0.034375 0.0484375
0 0.54375 0.09921875 0.0203125 0.0484375
0 0.578125 0.1046875 0.0375 0.0546875
0 0.61171875 0.11796875 0.0359375 0.05
0 0.63203125 0.04453125 0.0375 0.053125