0 0.46796875 0.6296875 0.0359375 0.0515625
0 0.4890625 0.55546875 0.034375 0.05
0 0.446875 0.46171875 0.021875 0.04375
0 0.4796875 0.47265625 0.0375 0.053125
0 0.5125 0.484375 0.0390625 0.05625
0 0.53515625 0.4109375 0.0375 0.053125
0 0.55859375 0.340625 0.034375 0.0515625
0 0.58359375 0.2671875 0.0390625 0.0546875
0 0.60859375 0.19296875 0.0359375 0.05
0 0.56484375 0.10234375 0.0234375 0.05
0 0.59921875 0.109375 0.040625 0.0546875
0 0.63203125 0.125 0.0390625 0.0515625
0 0.65625 0.05234375 0.0390625 0.0546875