0 0.421875 0.54609375 0.0578125 0.0828125
0 0.44921875 0.56875 0.03125 0.04375
0 0.4734375 0.50078125 0.03125 0.0453125
0 0.50078125 0.43515625 0.03125 0.04375
0 0.53125 0.3734375 0.0328125 0.04375
0 0.56171875 0.3125 0.0328125 0.0421875
0 0.5375 0.22734375 0.046875 0.0703125
0 0.56953125 0.23515625 0.0640625 0.0765625
0 0.59765625 0.25625 0.040625 0.04375
0 0.63671875 0.20546875 0.0390625 0.034375
0 0.68515625 0.16640625 0.0375 0.03125
0 0.73828125 0.12890625 0.0421875 0.0359375
0 0.79296875 0.09609375 0.0421875 0.0328125