0 0.434375 0.5625 0.0421875 0.07578125
0 0.465625 0.578125 0.02265625 0.03984375
0 0.47421875 0.50703125 0.02265625 0.04140625
0 0.4859375 0.43671875 0.02265625 0.03984375
0 0.5015625 0.36953125 0.02421875 0.03984375
0 0.51796875 0.303125 0.025 0.0375
0 0.475 0.22578125 0.03359375 0.0640625
0 0.50859375 0.2265625 0.05 0.06640625
0 0.540625 0.240625 0.0328125 0.03671875
0 0.5671875 0.18203125 0.03359375 0.02734375
0 0.60546875 0.13359375 0.0328125 0.025
0 0.6484375 0.08515625 0.0359375 0.02890625
0 0.69453125 0.040625 0.0375 0.025