0 0.47109375 0.17109375 0.0078125 0.015625
0 0.4765625 0.17109375 0.0046875 0.0140625
0 0.484375 0.1734375 0.0109375 0.015625
0 0.48125 0.196875 0.0109375 0.0171875
0 0.47890625 0.21875 0.0109375 0.015625
0 0.4765625 0.240625 0.009375 0.0140625
0 0.47265625 0.2625 0.0109375 0.0125
0 0.45703125 0.28046875 0.00625 0.015625
0 0.4625 0.28125 0.009375 0.0171875
0 0.46953125 0.28359375 0.009375 0.015625
0 0.46640625 0.30390625 0.009375 0.015625
0 0.4625 0.325 0.015625 0.01875
0 0.45859375 0.34765625 0.0140625 0.01875
0 0.45234375 0.3671875 0.0109375 0.0171875
0 0.4375 0.3875 0.0109375 0.01875
0 0.44609375 0.38984375 0.0109375 0.0171875
0 0.4390625 0.409375 0.0109375 0.0171875
0 0.43203125 0.43125 0.0125 0.0171875
0 0.4234375 0.4546875 0.009375 0.0140625
0 0.41484375 0.475 0.0109375 0.0171875
0 0.39765625 0.496875 0.0109375 0.01875
0 0.4078125 0.49921875 0.0140625 0.01875
0 0.39921875 0.52265625 0.0125 0.0171875
0 0.390625 0.546875 0.0125 0.0171875
0 0.38515625 0.5703125 0.0078125 0.015625
0 0.37890625 0.59453125 0.0109375 0.01875
0 0.36484375 0.61796875 0.0109375 0.01875
0 0.3734375 0.6203125 0.0109375 0.0140625
0 0.36796875 0.64453125 0.0125 0.0171875
0 0.36171875 0.66875 0.0109375 0.015625
0 0.35703125 0.69140625 0.0109375 0.015625
0 0.35234375 0.7171875 0.0109375 0.0171875
0 0.3390625 0.740625 0.009375 0.015625
0 0.346875 0.740625 0.0109375 0.0140625
0 0.34375 0.76484375 0.0109375 0.015625
0 0.340625 0.7890625 0.0140625 0.0171875
0 0.33671875 0.81171875 0.0109375 0.015625
0 0.33203125 0.83515625 0.0109375 0.015625