0 0.365625 0.1984375 0.0078125 0.015625
0 0.37109375 0.196875 0.0046875 0.0140625
0 0.37890625 0.19609375 0.0109375 0.015625
0 0.38359375 0.21875 0.0109375 0.0171875
0 0.38828125 0.24140625 0.0109375 0.015625
0 0.39296875 0.2625 0.009375 0.0140625
0 0.396875 0.284375 0.0109375 0.0125
0 0.38828125 0.30625 0.00625 0.015625
0 0.39375 0.30546875 0.009375 0.0171875
0 0.40078125 0.30546875 0.009375 0.015625
0 0.40390625 0.32578125 0.009375 0.015625
0 0.4078125 0.34609375 0.015625 0.01875
0 0.4109375 0.36953125 0.0140625 0.01875
0 0.41171875 0.390625 0.0109375 0.0171875
0 0.40390625 0.4140625 0.0109375 0.01875
0 0.41328125 0.4140625 0.0125 0.0171875
0 0.41328125 0.434375 0.0109375 0.0171875
0 0.41328125 0.45703125 0.0125 0.0171875
0 0.4125 0.48203125 0.009375 0.0140625
0 0.4109375 0.5046875 0.0109375 0.0171875
0 0.40234375 0.53046875 0.0109375 0.01875
0 0.4125 0.5296875 0.0140625 0.01875
0 0.41171875 0.5546875 0.0125 0.0171875
0 0.41171875 0.5796875 0.0125 0.0171875
0 0.4140625 0.60390625 0.009375 0.015625
0 0.41640625 0.62890625 0.0109375 0.01875
0 0.4109375 0.65546875 0.0109375 0.01875
0 0.41953125 0.6546875 0.0109375 0.0140625
0 0.421875 0.6796875 0.0125 0.0171875
0 0.42421875 0.7046875 0.0109375 0.015625
0 0.42734375 0.728125 0.0109375 0.015625
0 0.43125 0.753125 0.0109375 0.0171875
0 0.4265625 0.7796875 0.009375 0.015625
0 0.43359375 0.77734375 0.0109375 0.0140625
0 0.43828125 0.8015625 0.0109375 0.015625
0 0.44296875 0.825 0.0140625 0.01875
0 0.446875 0.8484375 0.0109375 0.015625
0 0.45078125 0.87109375 0.0109375 0.015625