0 0.63046875 0.16796875 0.0125 0.025
0 0.63984375 0.16953125 0.0171875 0.025
0 0.653125 0.17265625 0.0203125 0.028125
0 0.64296875 0.209375 0.0171875 0.025
0 0.63515625 0.24609375 0.0171875 0.0234375
0 0.6265625 0.28125 0.0171875 0.0234375
0 0.6171875 0.31640625 0.0171875 0.0234375
0 0.58828125 0.34609375 0.0109375 0.021875
0 0.596875 0.34765625 0.015625 0.021875
0 0.60859375 0.35078125 0.01875 0.0234375
0 0.60078125 0.384375 0.015625 0.021875
0 0.5921875 0.4171875 0.015625 0.021875
0 0.584375 0.44921875 0.015625 0.021875
0 0.57578125 0.48203125 0.015625 0.021875
0 0.54765625 0.50859375 0.0109375 0.0203125
0 0.55625 0.51015625 0.015625 0.0203125
0 0.56875 0.51171875 0.0171875 0.021875
0 0.56015625 0.5421875 0.015625 0.021875
0 0.55390625 0.571875 0.015625 0.0203125
0 0.54765625 0.6 0.0140625 0.01875
0 0.53984375 0.628125 0.0140625 0.0203125
0 0.5140625 0.65390625 0.009375 0.01875
0 0.521875 0.6546875 0.0125 0.01875
0 0.5328125 0.6546875 0.015625 0.01875
0 0.52734375 0.68046875 0.0140625 0.0171875
0 0.52109375 0.70546875 0.0140625 0.0171875
0 0.51484375 0.7296875 0.0125 0.015625
0 0.509375 0.75234375 0.0125 0.0171875
0 0.4875 0.7734375 0.0078125 0.0140625
0 0.49375 0.7734375 0.00625 0.0140625
0 0.50390625 0.77421875 0.0140625 0.0171875
0 0.49921875 0.7953125 0.0125 0.015625
0 0.49375 0.81484375 0.0125 0.015625
0 0.490625 0.8328125 0.0109375 0.0140625
0 0.48671875 0.8484375 0.0109375 0.0140625
0 0.465625 0.8640625 0.0078125 0.0125
0 0.4734375 0.86484375 0.0109375 0.0125
0 0.4828125 0.86484375 0.0125 0.0125