0 0.60390625 0.02421875 0.0203125 0.0328125
0 0.5984375 0.0828125 0.01875 0.0421875
0 0.59296875 0.146875 0.0140625 0.0421875
0 0.60546875 0.15078125 0.0171875 0.040625
0 0.58671875 0.2109375 0.0203125 0.040625
0 0.57890625 0.275 0.0171875 0.046875
0 0.57109375 0.3359375 0.01875 0.0390625
0 0.559375 0.4 0.01875 0.0375
0 0.54609375 0.465625 0.0203125 0.040625
0 0.5640625 0.46953125 0.025 0.04375
0 0.52421875 0.53203125 0.0234375 0.0453125
0 0.49375 0.60390625 0.0296875 0.0421875
0 0.62265625 0.15859375 0.021875 0.046875