0 0.528125 0.01484375 0.01875 0.0296875
0 0.53203125 0.07265625 0.0171875 0.040625
0 0.53671875 0.13671875 0.0109375 0.0421875
0 0.55 0.13828125 0.015625 0.040625
0 0.540625 0.20078125 0.0171875 0.040625
0 0.5421875 0.265625 0.015625 0.046875
0 0.54453125 0.32734375 0.0171875 0.0390625
0 0.54296875 0.3921875 0.0171875 0.0375
0 0.53984375 0.45859375 0.0171875 0.0390625
0 0.55859375 0.46015625 0.0234375 0.0421875
0 0.52890625 0.528125 0.021875 0.04375
0 0.51015625 0.60390625 0.0265625 0.040625
0 0.5671875 0.14375 0.0203125 0.0453125