0 0.946875 0.11015625 0.0203125 0.0296875
0 0.940625 0.15234375 0.0203125 0.0265625
0 0.91484375 0.1796875 0.03125 0.05
0 0.9328125 0.19453125 0.0203125 0.028125
0 0.92421875 0.23984375 0.021875 0.03125
0 0.9171875 0.2859375 0.0234375 0.03125
0 0.90546875 0.32890625 0.0203125 0.03125
0 0.9 0.37734375 0.021875 0.0296875
0 0.871875 0.40703125 0.0359375 0.0625
0 0.89140625 0.42578125 0.021875 0.0328125
0 0.88203125 0.4734375 0.0203125 0.0296875
0 0.87421875 0.5234375 0.021875 0.0328125
0 0.86640625 0.5734375 0.021875 0.0359375
0 0.86015625 0.62265625 0.0234375 0.034375
0 0.83359375 0.6515625 0.0328125 0.059375
0 0.85078125 0.67109375 0.0203125 0.03125
0 0.84140625 0.72109375 0.0234375 0.0328125
0 0.83359375 0.771875 0.0234375 0.0328125
0 0.8265625 0.82109375 0.0234375 0.0296875
0 0.81640625 0.86796875 0.021875 0.0328125