0 0.85625 0.02578125 0.0171875 0.028125
0 0.85859375 0.06875 0.0171875 0.025
0 0.8390625 0.10078125 0.025 0.046875
0 0.86015625 0.11171875 0.0171875 0.0265625
0 0.8609375 0.1578125 0.01875 0.028125
0 0.86328125 0.20390625 0.0203125 0.028125
0 0.8609375 0.2484375 0.015625 0.0296875
0 0.865625 0.296875 0.01875 0.0265625
0 0.84453125 0.33125 0.028125 0.0609375
0 0.8671875 0.3453125 0.0171875 0.0296875
0 0.86875 0.39453125 0.0171875 0.028125
0 0.87109375 0.44453125 0.0171875 0.03125
0 0.8734375 0.4953125 0.0171875 0.0328125
0 0.87734375 0.5453125 0.0203125 0.0328125
0 0.8578125 0.57890625 0.025 0.0578125
0 0.87890625 0.59453125 0.0171875 0.028125
0 0.88046875 0.6453125 0.01875 0.03125
0 0.8828125 0.696875 0.01875 0.03125
0 0.8859375 0.74609375 0.0203125 0.028125
0 0.8859375 0.79375 0.0171875 0.0296875