0 0.72890625 0.76328125 0.0125 0.0171875
0 0.72265625 0.74296875 0.01875 0.0203125
0 0.72109375 0.721875 0.0140625 0.0203125
0 0.7171875 0.7 0.0125 0.01875
0 0.71484375 0.6796875 0.0140625 0.0203125
0 0.71171875 0.6578125 0.015625 0.021875
0 0.70546875 0.6359375 0.01875 0.0234375
0 0.7046875 0.61328125 0.0140625 0.0203125
0 0.70234375 0.5921875 0.015625 0.021875
0 0.7 0.5703125 0.0171875 0.021875
0 0.69609375 0.54609375 0.015625 0.0203125
0 0.68828125 0.5234375 0.0234375 0.0234375
0 0.68984375 0.49921875 0.015625 0.0203125
0 0.6890625 0.47890625 0.015625 0.0203125
0 0.6875 0.453125 0.0140625 0.021875
0 0.684375 0.42734375 0.0125 0.0203125
0 0.67890625 0.40390625 0.028125 0.03125
0 0.68125 0.38046875 0.0171875 0.021875
0 0.67890625 0.35859375 0.0171875 0.0234375
0 0.67578125 0.3359375 0.01875 0.021875
0 0.67421875 0.315625 0.015625 0.01875
0 0.665625 0.29453125 0.0234375 0.0234375
0 0.6671875 0.275 0.015625 0.0171875
0 0.66328125 0.2546875 0.01875 0.0203125
0 0.6578125 0.234375 0.0171875 0.021875
0 0.65390625 0.21328125 0.0171875 0.021875
0 0.6453125 0.19375 0.025 0.0234375
0 0.64609375 0.1734375 0.0140625 0.01875
0 0.64140625 0.15390625 0.0140625 0.0171875
0 0.63671875 0.13359375 0.0140625 0.0171875
0 0.63203125 0.11328125 0.0171875 0.0203125
0 0.62421875 0.09296875 0.0234375 0.025
0 0.62421875 0.07109375 0.015625 0.0203125
0 0.61953125 0.0515625 0.01875 0.0203125
0 0.615625 0.03046875 0.01875 0.021875
0 0.60859375 0.00859375 0.0171875 0.0171875