0 0.675 0.8015625 0.009375 0.015625
0 0.67265625 0.78125 0.015625 0.01875
0 0.675 0.759375 0.0109375 0.01875
0 0.675 0.7375 0.009375 0.0171875
0 0.6765625 0.7171875 0.009375 0.01875
0 0.678125 0.6953125 0.0109375 0.0203125
0 0.67578125 0.67265625 0.015625 0.0203125
0 0.6796875 0.65 0.009375 0.01875
0 0.68125 0.62890625 0.0109375 0.0203125
0 0.6828125 0.60703125 0.0125 0.0203125
0 0.68359375 0.5828125 0.0125 0.01875
0 0.68046875 0.55859375 0.0203125 0.0203125
0 0.68671875 0.5359375 0.0109375 0.01875
0 0.68984375 0.515625 0.0109375 0.01875
0 0.69296875 0.4890625 0.0109375 0.0203125
0 0.6953125 0.4640625 0.009375 0.01875
0 0.69375 0.43984375 0.0234375 0.028125
0 0.7 0.4171875 0.0125 0.0203125
0 0.70234375 0.3953125 0.0125 0.021875
0 0.703125 0.37265625 0.0140625 0.0203125
0 0.70625 0.35234375 0.0125 0.0171875
0 0.70234375 0.3296875 0.0203125 0.0203125
0 0.70703125 0.3109375 0.0125 0.015625
0 0.70703125 0.290625 0.015625 0.01875
0 0.70546875 0.26953125 0.0140625 0.0203125
0 0.70546875 0.2484375 0.0125 0.0203125
0 0.70078125 0.22734375 0.021875 0.01875
0 0.70546875 0.2078125 0.0109375 0.0171875
0 0.7046875 0.1875 0.0125 0.015625
0 0.70390625 0.16640625 0.0109375 0.015625
0 0.703125 0.14609375 0.0140625 0.01875
0 0.69921875 0.12421875 0.01875 0.021875
0 0.703125 0.103125 0.0125 0.01875
0 0.703125 0.0828125 0.015625 0.01875
0 0.703125 0.06171875 0.015625 0.01875
0 0.7015625 0.0390625 0.0140625 0.0171875
0 0.69609375 0.01796875 0.021875 0.01875
0 0.69921875 0.003125 0.0109375 0.00625