0 0.6640625 0.8078125 0.009375 0.015625
0 0.6625 0.78671875 0.01484375 0.01796875
0 0.665625 0.765625 0.0109375 0.01796875
0 0.66640625 0.74375 0.009375 0.0171875
0 0.66875 0.7234375 0.009375 0.01875
0 0.67109375 0.7015625 0.0109375 0.0203125
0 0.66953125 0.67890625 0.01484375 0.0203125
0 0.67421875 0.65625 0.009375 0.01875
0 0.6765625 0.63515625 0.0109375 0.01953125
0 0.67890625 0.61328125 0.0125 0.0203125
0 0.68046875 0.5890625 0.0125 0.01875
0 0.678125 0.56484375 0.0203125 0.01953125
0 0.68515625 0.5421875 0.0109375 0.01875
0 0.6890625 0.521875 0.0109375 0.01875
0 0.69296875 0.49609375 0.01015625 0.01953125
0 0.69609375 0.47109375 0.00859375 0.01875
0 0.69609375 0.446875 0.021875 0.02734375
0 0.703125 0.42421875 0.0125 0.01953125
0 0.70625 0.40234375 0.0125 0.021875
0 0.7078125 0.3796875 0.0140625 0.01953125
0 0.7109375 0.359375 0.01171875 0.0171875
0 0.7078125 0.33671875 0.01953125 0.01953125
0 0.71328125 0.31796875 0.0125 0.01484375
0 0.7140625 0.29765625 0.01484375 0.01796875
0 0.71328125 0.2765625 0.01328125 0.01953125
0 0.7140625 0.25546875 0.0125 0.0203125
0 0.71015625 0.234375 0.021875 0.01875
0 0.715625 0.21484375 0.0109375 0.0171875
0 0.715625 0.19453125 0.01171875 0.01484375
0 0.715625 0.1734375 0.0109375 0.015625
0 0.715625 0.153125 0.0140625 0.01796875
0 0.7125 0.13125 0.01875 0.02109375
0 0.7171875 0.11015625 0.01171875 0.01796875
0 0.7171875 0.08984375 0.015625 0.01796875
0 0.71796875 0.06875 0.015625 0.01875
0 0.7171875 0.04609375 0.0140625 0.01640625
0 0.7125 0.025 0.021875 0.01875
0 0.7171875 0.00703125 0.0109375 0.01328125