0 0.45703125 0.9765625 0.0140625 0.021875
0 0.44765625 0.94140625 0.015625 0.0234375
0 0.43984375 0.9078125 0.015625 0.0234375
0 0.4296875 0.871875 0.025 0.0265625
0 0.4265625 0.83828125 0.015625 0.0234375
0 0.421875 0.8046875 0.0125 0.0203125
0 0.41484375 0.7703125 0.0140625 0.021875
0 0.40859375 0.73671875 0.015625 0.0234375
0 0.39921875 0.70234375 0.025 0.0265625
0 0.4 0.66953125 0.0140625 0.0234375
0 0.396875 0.63515625 0.0109375 0.021875
0 0.3921875 0.6015625 0.0125 0.021875
0 0.3890625 0.56796875 0.0125 0.021875
0 0.3859375 0.53515625 0.0125 0.021875
0 0.38203125 0.46796875 0.009375 0.021875
0 0.38046875 0.40078125 0.0125 0.021875
0 0.3796875 0.36796875 0.0125 0.0203125
0 0.38046875 0.3359375 0.0125 0.021875
0 0.38203125 0.3015625 0.0140625 0.021875