0 0.5234375 0.978125 0.01171875 0.02109375
0 0.509375 0.94453125 0.0125 0.021875
0 0.496875 0.9125 0.0125 0.02265625
0 0.48203125 0.878125 0.02265625 0.0234375
0 0.47421875 0.8453125 0.01328125 0.021875
0 0.46484375 0.8125 0.01015625 0.01953125
0 0.453125 0.7796875 0.01171875 0.02109375
0 0.4421875 0.746875 0.01328125 0.021875
0 0.428125 0.7140625 0.021875 0.0234375
0 0.42421875 0.68203125 0.01171875 0.021875
0 0.41640625 0.6484375 0.00859375 0.02109375
0 0.40703125 0.615625 0.01015625 0.02109375
0 0.4 0.5828125 0.01015625 0.0203125
0 0.3921875 0.55078125 0.01015625 0.0203125
0 0.37890625 0.484375 0.00703125 0.02109375
0 0.36796875 0.41875 0.009375 0.02109375
0 0.3625 0.3859375 0.009375 0.01953125
0 0.35859375 0.35390625 0.009375 0.0203125
0 0.35546875 0.3203125 0.01171875 0.02109375