0 0.5140625 0.02890625 0.009375 0.03125
0 0.52265625 0.02734375 0.0109375 0.0328125
0 0.53359375 0.02421875 0.0125 0.03125
0 0.53828125 0.06953125 0.0140625 0.03125
0 0.54375 0.1171875 0.0140625 0.0328125
0 0.54765625 0.16328125 0.0125 0.03125
0 0.553125 0.2109375 0.0140625 0.0328125
0 0.5375 0.26015625 0.009375 0.0328125
0 0.546875 0.25859375 0.0125 0.0328125
0 0.55859375 0.25625 0.015625 0.0359375
0 0.56171875 0.30234375 0.0171875 0.03125
0 0.5671875 0.35078125 0.015625 0.0328125
0 0.571875 0.39765625 0.0140625 0.0296875
0 0.57578125 0.44453125 0.015625 0.0359375
0 0.56015625 0.49453125 0.009375 0.028125
0 0.56953125 0.49375 0.0140625 0.0328125
0 0.58046875 0.49140625 0.015625 0.034375
0 0.584375 0.54140625 0.0125 0.0359375
0 0.58671875 0.58828125 0.0140625 0.034375
0 0.58828125 0.63671875 0.015625 0.03125
0 0.5890625 0.68359375 0.015625 0.034375
0 0.5640625 0.73671875 0.0109375 0.0328125
0 0.57421875 0.73515625 0.015625 0.034375
0 0.58671875 0.73359375 0.01875 0.03125
0 0.5796875 0.78515625 0.0171875 0.034375
0 0.571875 0.8359375 0.0171875 0.0328125
0 0.5625 0.88671875 0.015625 0.0296875
0 0.5546875 0.93984375 0.0140625 0.0328125