0 0.52265625 0.02890625 0.0078125 0.03125
0 0.53046875 0.02734375 0.0109375 0.0328125
0 0.54140625 0.025 0.0125 0.03125
0 0.5453125 0.0703125 0.0140625 0.03125
0 0.55078125 0.11875 0.0140625 0.0328125
0 0.55390625 0.1640625 0.0125 0.0296875
0 0.5578125 0.21171875 0.0140625 0.0328125
0 0.5421875 0.2609375 0.009375 0.0328125
0 0.55078125 0.259375 0.0125 0.0328125
0 0.5625 0.2578125 0.015625 0.0359375
0 0.56484375 0.30390625 0.0171875 0.03125
0 0.5703125 0.3515625 0.0140625 0.0328125
0 0.5734375 0.3984375 0.0140625 0.0296875
0 0.5765625 0.44609375 0.015625 0.0359375
0 0.56015625 0.4953125 0.009375 0.028125
0 0.56953125 0.49453125 0.0125 0.03125
0 0.58125 0.49296875 0.015625 0.034375
0 0.58359375 0.54296875 0.0125 0.034375
0 0.58515625 0.58984375 0.0140625 0.034375
0 0.5859375 0.63828125 0.015625 0.03125
0 0.5859375 0.68515625 0.0140625 0.034375
0 0.56015625 0.7375 0.0109375 0.0328125
0 0.5703125 0.7359375 0.0140625 0.034375
0 0.5828125 0.73515625 0.01875 0.03125
0 0.57421875 0.78671875 0.015625 0.034375
0 0.56640625 0.83671875 0.0171875 0.0328125
0 0.55625 0.88828125 0.015625 0.0296875
0 0.546875 0.940625 0.0140625 0.0328125