0 0.56328125 0.0328125 0.00546875 0.03125
0 0.571875 0.03203125 0.0078125 0.03203125
0 0.5828125 0.03046875 0.009375 0.03046875
0 0.5828125 0.07578125 0.01171875 0.03046875
0 0.58359375 0.12421875 0.0109375 0.03203125
0 0.5828125 0.1703125 0.01015625 0.0296875
0 0.5828125 0.21796875 0.0109375 0.03203125
0 0.5625 0.265625 0.00625 0.0328125
0 0.571875 0.26484375 0.009375 0.03203125
0 0.58359375 0.2640625 0.0125 0.034375
0 0.58203125 0.31015625 0.0140625 0.03046875
0 0.5828125 0.35859375 0.01171875 0.03203125
0 0.58203125 0.40546875 0.01171875 0.02890625
0 0.58125 0.453125 0.0125 0.034375
0 0.56015625 0.50078125 0.00625 0.028125
0 0.56953125 0.50078125 0.01015625 0.03125
0 0.58125 0.5 0.0125 0.03359375
0 0.5796875 0.55 0.009375 0.034375
0 0.57734375 0.596875 0.0109375 0.03359375
0 0.5734375 0.6453125 0.01328125 0.0296875
0 0.56953125 0.6921875 0.01171875 0.0328125
0 0.5390625 0.7421875 0.0078125 0.0328125
0 0.54921875 0.74140625 0.01171875 0.0328125
0 0.56171875 0.74140625 0.015625 0.03046875
0 0.54921875 0.7921875 0.01328125 0.03359375
0 0.53671875 0.84140625 0.0140625 0.03125
0 0.521875 0.89140625 0.01328125 0.02890625
0 0.50859375 0.94296875 0.0109375 0.03203125