0 0.3109375 0.928125 0.028125 0.040625
0 0.2828125 0.86484375 0.015625 0.0390625
0 0.3 0.86875 0.0265625 0.040625
0 0.325 0.87421875 0.028125 0.0421875
0 0.33515625 0.82109375 0.0265625 0.0390625
0 0.346875 0.76796875 0.028125 0.040625
0 0.35859375 0.71796875 0.0265625 0.0375
0 0.36953125 0.665625 0.025 0.0390625
0 0.3421875 0.60859375 0.015625 0.034375
0 0.36015625 0.6109375 0.025 0.0375
0 0.38203125 0.61640625 0.0265625 0.0390625
0 0.39296875 0.5671875 0.025 0.0359375
0 0.403125 0.51953125 0.0234375 0.034375
0 0.4140625 0.47265625 0.0265625 0.0328125
0 0.4234375 0.4265625 0.0234375 0.03125
0 0.49453125 0.44296875 0.025 0.034375
0 0.4671875 0.38984375 0.0140625 0.034375
0 0.4828125 0.3921875 0.0234375 0.0328125
0 0.50390625 0.39765625 0.025 0.0328125
0 0.5125 0.353125 0.0234375 0.03125
0 0.5234375 0.3078125 0.025 0.0328125
0 0.53203125 0.26484375 0.0265625 0.0328125
0 0.5421875 0.2203125 0.0234375 0.0296875
0 0.51484375 0.16875 0.015625 0.03125
0 0.5296875 0.17265625 0.0234375 0.03125
0 0.55078125 0.17578125 0.025 0.0328125
0 0.559375 0.13515625 0.025 0.034375