0 0.39609375 0.95625 0.0203125 0.0375
0 0.35625 0.9 0.0078125 0.0390625
0 0.37421875 0.9 0.0203125 0.0375
0 0.39921875 0.90078125 0.021875 0.0390625
0 0.39921875 0.846875 0.0203125 0.0359375
0 0.40078125 0.7921875 0.0203125 0.0375
0 0.403125 0.74140625 0.0203125 0.034375
0 0.40390625 0.6875 0.01875 0.0359375
0 0.365625 0.63671875 0.009375 0.0328125
0 0.38359375 0.63515625 0.01875 0.034375
0 0.40625 0.63671875 0.0203125 0.0359375
0 0.4078125 0.58671875 0.01875 0.0328125
0 0.40859375 0.5375 0.01875 0.03125
0 0.41015625 0.48984375 0.0203125 0.0296875
0 0.4109375 0.4421875 0.0171875 0.028125
0 0.48359375 0.4453125 0.01875 0.03125
0 0.446875 0.3984375 0.0078125 0.0328125
0 0.4625 0.39765625 0.0171875 0.0296875
0 0.484375 0.39921875 0.01875 0.0296875
0 0.484375 0.35390625 0.01875 0.028125
0 0.4859375 0.30703125 0.0203125 0.0296875
0 0.48671875 0.26328125 0.0203125 0.0296875
0 0.4875 0.21796875 0.01875 0.0265625
0 0.45078125 0.171875 0.009375 0.0296875
0 0.46640625 0.17265625 0.01875 0.0296875
0 0.4875 0.17265625 0.01875 0.0296875
0 0.48828125 0.13046875 0.0203125 0.03125