0 0.40390625 0.9578125 0.0203125 0.03671875
0 0.36328125 0.90234375 0.0078125 0.0390625
0 0.38125 0.90234375 0.01953125 0.0375
0 0.40625 0.90234375 0.02109375 0.03828125
0 0.40546875 0.8484375 0.0203125 0.03515625
0 0.40625 0.79375 0.0203125 0.0375
0 0.40703125 0.74296875 0.01953125 0.03359375
0 0.40703125 0.6890625 0.01875 0.03515625
0 0.36796875 0.6390625 0.00859375 0.0328125
0 0.3859375 0.6375 0.01796875 0.034375
0 0.40859375 0.63828125 0.01953125 0.0359375
0 0.409375 0.58828125 0.01875 0.03203125
0 0.409375 0.5390625 0.01796875 0.03125
0 0.41015625 0.49140625 0.0203125 0.0296875
0 0.41015625 0.44375 0.0171875 0.028125
0 0.4828125 0.4453125 0.01875 0.03046875
0 0.4453125 0.39921875 0.0078125 0.0328125
0 0.4609375 0.3984375 0.0171875 0.0296875
0 0.4828125 0.39921875 0.01875 0.0296875
0 0.48203125 0.35390625 0.01875 0.028125
0 0.4828125 0.30703125 0.01953125 0.02890625
0 0.4828125 0.26328125 0.0203125 0.0296875
0 0.4828125 0.21796875 0.01796875 0.0265625
0 0.4453125 0.17265625 0.009375 0.0296875
0 0.4609375 0.1734375 0.01796875 0.02890625
0 0.48203125 0.17265625 0.01875 0.02890625
0 0.48203125 0.13046875 0.01953125 0.03125