0 0.68671875 0.9578125 0.0171875 0.03359375
0 0.68515625 0.90390625 0.01796875 0.03203125
0 0.6546875 0.853125 0.00859375 0.0328125
0 0.6671875 0.85234375 0.009375 0.03359375
0 0.6859375 0.8484375 0.0203125 0.0328125
0 0.6859375 0.79375 0.0171875 0.0328125
0 0.6859375 0.73984375 0.015625 0.034375
0 0.6859375 0.68359375 0.0171875 0.0328125
0 0.6859375 0.6296875 0.01640625 0.034375
0 0.653125 0.57578125 0.01015625 0.034375
0 0.6671875 0.575 0.0171875 0.03125
0 0.6859375 0.57421875 0.02109375 0.03203125
0 0.6859375 0.51953125 0.01640625 0.03203125
0 0.6859375 0.4640625 0.0171875 0.034375
0 0.68671875 0.40859375 0.01796875 0.03125
0 0.6859375 0.353125 0.01640625 0.03359375
0 0.653125 0.296875 0.00859375 0.03203125
0 0.6671875 0.2984375 0.0171875 0.03046875
0 0.68671875 0.2984375 0.0203125 0.03359375
0 0.6859375 0.24375 0.01640625 0.03203125
0 0.68671875 0.1890625 0.01640625 0.03203125
0 0.68671875 0.134375 0.01796875 0.0328125
0 0.68671875 0.08046875 0.01640625 0.03828125
0 0.65390625 0.0203125 0.00859375 0.034375
0 0.66796875 0.021875 0.01640625 0.03359375
0 0.68671875 0.02421875 0.02109375 0.03515625