0 0.58671875 0.984375 0.0234375 0.03125
0 0.596875 0.93359375 0.025 0.034375
0 0.578125 0.87734375 0.015625 0.034375
0 0.590625 0.8796875 0.015625 0.034375
0 0.609375 0.8796875 0.0265625 0.0359375
0 0.62109375 0.82578125 0.0234375 0.0359375
0 0.63203125 0.7734375 0.021875 0.0375
0 0.64375 0.71796875 0.0234375 0.0359375
0 0.6546875 0.665625 0.0234375 0.0375
0 0.634375 0.60625 0.0171875 0.0359375
0 0.64765625 0.6078125 0.0234375 0.034375
0 0.66640625 0.6109375 0.0265625 0.0359375
0 0.678125 0.5578125 0.0234375 0.034375
0 0.6890625 0.503125 0.0234375 0.0375
0 0.7015625 0.44921875 0.0234375 0.034375
0 0.7125 0.3953125 0.0234375 0.0359375
0 0.6921875 0.3328125 0.015625 0.0328125
0 0.70546875 0.3375 0.0234375 0.0328125
0 0.72421875 0.34140625 0.0265625 0.0375
0 0.73515625 0.28828125 0.0234375 0.034375
0 0.74765625 0.234375 0.0234375 0.034375
0 0.75859375 0.18125 0.025 0.0359375
0 0.76953125 0.128125 0.0234375 0.040625
0 0.75 0.0625 0.015625 0.0359375
0 0.7640625 0.0671875 0.0234375 0.0359375
0 0.78125 0.0734375 0.028125 0.0390625