0 0.6296875 0.97734375 0.021875 0.0359375
0 0.634375 0.9234375 0.021875 0.034375
0 0.61015625 0.86953125 0.0125 0.034375
0 0.62265625 0.8703125 0.0140625 0.034375
0 0.6421875 0.86875 0.0234375 0.034375
0 0.6484375 0.8140625 0.0203125 0.034375
0 0.65546875 0.7609375 0.0203125 0.0359375
0 0.6625 0.7046875 0.0203125 0.034375
0 0.66875 0.6515625 0.0203125 0.0359375
0 0.64296875 0.59375 0.0140625 0.0359375
0 0.65703125 0.59453125 0.0203125 0.0328125
0 0.67578125 0.59609375 0.025 0.034375
0 0.68203125 0.5421875 0.0203125 0.034375
0 0.6890625 0.48671875 0.021875 0.0359375
0 0.69609375 0.43203125 0.021875 0.0328125
0 0.70234375 0.3765625 0.0203125 0.0359375
0 0.6765625 0.3171875 0.0125 0.0328125
0 0.690625 0.3203125 0.0203125 0.0328125
0 0.71015625 0.32265625 0.025 0.0359375
0 0.715625 0.26796875 0.0203125 0.034375
0 0.7234375 0.2140625 0.0203125 0.034375
0 0.7296875 0.16015625 0.021875 0.034375
0 0.73671875 0.10625 0.0203125 0.040625
0 0.7109375 0.04296875 0.0125 0.0359375
0 0.725 0.04609375 0.0203125 0.0359375
0 0.74296875 0.05078125 0.025 0.0375