0 0.37421875 0.7625 0.009375 0.01953125
0 0.38125 0.76640625 0.00546875 0.0109375
0 0.38046875 0.7515625 0.00546875 0.01171875
0 0.37890625 0.7359375 0.00546875 0.01015625
0 0.37734375 0.72109375 0.00625 0.01015625
0 0.37578125 0.70625 0.00546875 0.01015625
0 0.3640625 0.6875 0.00859375 0.01640625
0 0.37265625 0.690625 0.00625 0.0125
0 0.36953125 0.6765625 0.00703125 0.01015625
0 0.365625 0.66171875 0.00625 0.009375
0 0.3609375 0.646875 0.00625 0.01015625
0 0.3546875 0.63203125 0.00703125 0.00859375
0 0.34140625 0.61484375 0.009375 0.01796875
0 0.34921875 0.61796875 0.00625 0.009375
0 0.34296875 0.60390625 0.00625 0.00859375
0 0.33828125 0.590625 0.00546875 0.00859375
0 0.33203125 0.57578125 0.00546875 0.009375
0 0.32734375 0.56328125 0.00546875 0.00859375
0 0.31484375 0.54765625 0.01015625 0.01640625
0 0.3234375 0.55 0.00625 0.00859375
0 0.31875 0.5375 0.00625 0.00859375
0 0.315625 0.525 0.00546875 0.0078125
0 0.3109375 0.5125 0.0046875 0.00859375
0 0.3078125 0.50078125 0.00546875 0.01015625
0 0.29375 0.4859375 0.003125 0.015625
0 0.3 0.48515625 0.00625 0.0140625
0 0.30625 0.48828125 0.0046875 0.009375
0 0.30390625 0.475 0.0046875 0.0078125
0 0.303125 0.4625 0.0046875 0.0078125
0 0.303125 0.45 0.0046875 0.009375
0 0.303125 0.43671875 0.0046875 0.00859375
0 0.29609375 0.421875 0.003125 0.01640625
0 0.29921875 0.421875 0.003125 0.015625
0 0.30234375 0.425 0.00390625 0.00859375