0 0.3109375 0.72109375 0.0140625 0.021875
0 0.31640625 0.7265625 0.0078125 0.0125
0 0.31953125 0.71171875 0.0078125 0.0125
0 0.321875 0.696875 0.0078125 0.0109375
0 0.32421875 0.68203125 0.009375 0.0109375
0 0.3265625 0.6671875 0.0078125 0.0109375
0 0.3203125 0.64609375 0.0125 0.01875
0 0.32734375 0.65078125 0.009375 0.0140625
0 0.328125 0.63671875 0.009375 0.0109375
0 0.328125 0.62109375 0.0078125 0.0109375
0 0.32734375 0.60625 0.009375 0.0109375
0 0.32578125 0.58984375 0.009375 0.009375
0 0.3171875 0.56953125 0.0140625 0.0203125
0 0.3234375 0.575 0.0078125 0.0109375
0 0.32109375 0.559375 0.0078125 0.009375
0 0.3203125 0.5453125 0.0078125 0.009375
0 0.31796875 0.5296875 0.0078125 0.0109375
0 0.3171875 0.51640625 0.0078125 0.009375
0 0.30859375 0.4984375 0.0140625 0.01875
0 0.31640625 0.50234375 0.0078125 0.009375
0 0.31484375 0.4890625 0.0078125 0.009375
0 0.315625 0.4765625 0.0078125 0.009375
0 0.3140625 0.46328125 0.00625 0.009375
0 0.3140625 0.45078125 0.0078125 0.0109375
0 0.3046875 0.4328125 0.0078125 0.015625
0 0.3109375 0.43359375 0.009375 0.015625
0 0.315625 0.43828125 0.00625 0.0109375
0 0.3171875 0.425 0.00625 0.009375
0 0.31953125 0.4125 0.00625 0.009375
0 0.32265625 0.40078125 0.00625 0.0109375
0 0.3265625 0.38828125 0.00625 0.009375
0 0.3234375 0.371875 0.0078125 0.0171875
0 0.3265625 0.37265625 0.0078125 0.015625
0 0.328125 0.3765625 0.00625 0.009375