0 0.32265625 0.73046875 0.0125 0.0203125
0 0.328125 0.7359375 0.0078125 0.0125
0 0.33046875 0.72109375 0.0078125 0.0125
0 0.3328125 0.70546875 0.0078125 0.0109375
0 0.334375 0.690625 0.0078125 0.0109375
0 0.3359375 0.67578125 0.0078125 0.0109375
0 0.328125 0.65546875 0.0125 0.0171875
0 0.3359375 0.66015625 0.009375 0.0140625
0 0.3359375 0.6453125 0.009375 0.0109375
0 0.33515625 0.63046875 0.0078125 0.0109375
0 0.33359375 0.61484375 0.0078125 0.0109375
0 0.33046875 0.59921875 0.009375 0.009375
0 0.32109375 0.5796875 0.0125 0.01875
0 0.328125 0.584375 0.0078125 0.0109375
0 0.325 0.56875 0.0078125 0.009375
0 0.32265625 0.5546875 0.0078125 0.009375
0 0.3203125 0.5390625 0.0078125 0.0109375
0 0.31796875 0.52578125 0.0078125 0.009375
0 0.30859375 0.5078125 0.0140625 0.01875
0 0.3171875 0.5125 0.0078125 0.009375
0 0.31484375 0.49921875 0.0078125 0.009375
0 0.31484375 0.4859375 0.00625 0.009375
0 0.3125 0.47265625 0.00625 0.009375
0 0.31171875 0.4609375 0.0078125 0.0109375
0 0.3015625 0.44375 0.00625 0.015625
0 0.3078125 0.44375 0.009375 0.015625
0 0.31328125 0.4484375 0.00625 0.009375
0 0.31328125 0.43515625 0.00625 0.009375
0 0.31484375 0.42265625 0.00625 0.009375
0 0.31796875 0.41015625 0.00625 0.009375
0 0.3203125 0.396875 0.00625 0.009375
0 0.31640625 0.38125 0.00625 0.0171875
0 0.31953125 0.38203125 0.00625 0.015625
0 0.321875 0.38515625 0.00625 0.009375