0 0.553125 0.028125 0.0265625 0.0421875
0 0.58046875 0.0234375 0.034375 0.0421875
0 0.60703125 0.028125 0.021875 0.025
0 0.609375 0.06328125 0.0234375 0.0234375
0 0.6140625 0.096875 0.0203125 0.021875
0 0.6171875 0.13046875 0.0203125 0.021875
0 0.62265625 0.1640625 0.021875 0.021875
0 0.57421875 0.19609375 0.025 0.0390625
0 0.6 0.19140625 0.034375 0.0421875
0 0.6265625 0.196875 0.021875 0.021875
0 0.628125 0.23046875 0.01875 0.021875
0 0.63203125 0.26328125 0.021875 0.021875
0 0.63671875 0.296875 0.0203125 0.021875
0 0.63984375 0.3296875 0.0203125 0.021875
0 0.5921875 0.36015625 0.021875 0.0375
0 0.61796875 0.35625 0.034375 0.0390625
0 0.64375 0.3609375 0.0203125 0.021875
0 0.6453125 0.39375 0.0203125 0.021875
0 0.65 0.425 0.01875 0.0203125
0 0.653125 0.45703125 0.0171875 0.01875
0 0.65703125 0.48828125 0.0171875 0.021875
0 0.61953125 0.51875 0.0234375 0.0359375
0 0.6421875 0.5140625 0.0203125 0.034375
0 0.66015625 0.5203125 0.01875 0.021875
0 0.6640625 0.5515625 0.0171875 0.0203125
0 0.6671875 0.5828125 0.015625 0.01875
0 0.6703125 0.6140625 0.0171875 0.0203125
0 0.675 0.6453125 0.0171875 0.0203125
0 0.62734375 0.675 0.021875 0.0359375
0 0.65390625 0.67109375 0.03125 0.0359375
0 0.6796875 0.6765625 0.0171875 0.0203125
0 0.68125 0.70703125 0.015625 0.01875
0 0.6859375 0.73671875 0.015625 0.0203125
0 0.6890625 0.76796875 0.0171875 0.01875
0 0.6921875 0.7984375 0.01875 0.0203125
0 0.67265625 0.82421875 0.03125 0.0359375
0 0.69609375 0.8296875 0.015625 0.01875
0 0.7 0.85859375 0.015625 0.01875
0 0.70390625 0.8890625 0.0140625 0.01875
0 0.70546875 0.91875 0.0171875 0.01875
0 0.71015625 0.9484375 0.015625 0.01875
0 0.6875 0.96875 0.0296875 0.025
0 0.7125 0.97265625 0.0171875 0.0109375