0 0.68125 0.0609375 0.028125 0.0421875
0 0.709375 0.0640625 0.0359375 0.04375
0 0.73359375 0.07578125 0.0234375 0.025
0 0.72578125 0.11015625 0.0234375 0.025
0 0.72109375 0.14453125 0.021875 0.0234375
0 0.7140625 0.17734375 0.0203125 0.021875
0 0.71015625 0.2109375 0.021875 0.0234375
0 0.65546875 0.22890625 0.0265625 0.040625
0 0.68125 0.23125 0.0359375 0.0421875
0 0.70546875 0.24375 0.021875 0.021875
0 0.69765625 0.2765625 0.01875 0.021875
0 0.6921875 0.309375 0.021875 0.0234375
0 0.6875 0.3421875 0.0203125 0.021875
0 0.68125 0.37421875 0.0203125 0.0234375
0 0.62734375 0.39140625 0.0234375 0.0390625
0 0.653125 0.39453125 0.0359375 0.0390625
0 0.6765625 0.40625 0.0203125 0.021875
0 0.66875 0.43828125 0.021875 0.021875
0 0.66484375 0.46875 0.01875 0.0203125
0 0.65859375 0.50078125 0.01875 0.01875
0 0.65390625 0.53203125 0.0171875 0.021875
0 0.61015625 0.55078125 0.025 0.0375
0 0.6328125 0.55234375 0.021875 0.034375
0 0.6484375 0.5640625 0.0203125 0.021875
0 0.64296875 0.59453125 0.0171875 0.0203125
0 0.63828125 0.62578125 0.0171875 0.01875
0 0.6328125 0.65703125 0.01875 0.0203125
0 0.628125 0.68828125 0.0171875 0.0203125
0 0.57421875 0.703125 0.021875 0.0359375
0 0.60078125 0.70625 0.0328125 0.0375
0 0.62421875 0.71875 0.01875 0.0203125
0 0.6171875 0.7484375 0.015625 0.01875
0 0.61328125 0.77890625 0.0171875 0.0203125
0 0.6078125 0.809375 0.01875 0.01875
0 0.603125 0.83984375 0.01875 0.0203125
0 0.5765625 0.859375 0.0328125 0.0375
0 0.59765625 0.8703125 0.015625 0.01875
0 0.59296875 0.9 0.0171875 0.01875
0 0.58828125 0.9296875 0.015625 0.0203125
0 0.58203125 0.959375 0.01875 0.01875
0 0.578125 0.9890625 0.015625 0.0203125
0 0.55078125 0.99453125 0.0296875 0.0109375