0 0.61015625 0.03828125 0.02265625 0.0390625
0 0.63828125 0.03671875 0.03046875 0.0390625
0 0.6640625 0.04453125 0.01953125 0.02265625
0 0.66171875 0.0796875 0.0203125 0.021875
0 0.6625 0.1140625 0.01875 0.0203125
0 0.6609375 0.14765625 0.01796875 0.01953125
0 0.6625 0.18125 0.01953125 0.0203125
0 0.6109375 0.2078125 0.02109375 0.0375
0 0.63671875 0.20625 0.0296875 0.03828125
0 0.6625 0.21484375 0.01953125 0.01953125
0 0.66015625 0.2484375 0.01640625 0.0203125
0 0.66015625 0.28125 0.01953125 0.0203125
0 0.66015625 0.31484375 0.01796875 0.01953125
0 0.659375 0.34765625 0.01796875 0.0203125
0 0.60859375 0.37265625 0.01796875 0.0359375
0 0.634375 0.371875 0.03046875 0.03515625
0 0.659375 0.3796875 0.01796875 0.01953125
0 0.65703125 0.4125 0.01875 0.01953125
0 0.6578125 0.44375 0.01640625 0.01875
0 0.65703125 0.47578125 0.015625 0.0171875
0 0.65703125 0.5078125 0.01484375 0.0203125
0 0.61640625 0.5328125 0.01953125 0.034375
0 0.6390625 0.53125 0.0171875 0.0328125
0 0.65625 0.53984375 0.0171875 0.01953125
0 0.65625 0.57109375 0.01484375 0.01796875
0 0.65625 0.60234375 0.0140625 0.0171875
0 0.65546875 0.634375 0.015625 0.01796875
0 0.65625 0.665625 0.01484375 0.01875
0 0.60546875 0.6890625 0.0171875 0.03359375
0 0.63203125 0.68828125 0.02734375 0.03359375
0 0.65703125 0.696875 0.015625 0.01875
0 0.6546875 0.72734375 0.01328125 0.0171875
0 0.65546875 0.7578125 0.0140625 0.01796875
0 0.6546875 0.7890625 0.015625 0.0171875
0 0.6546875 0.81953125 0.01640625 0.01796875
0 0.63203125 0.84296875 0.02734375 0.03359375
0 0.6546875 0.85078125 0.01328125 0.0171875
0 0.6546875 0.88046875 0.0140625 0.0171875
0 0.6546875 0.9109375 0.0125 0.01796875
0 0.653125 0.940625 0.015625 0.0171875
0 0.65390625 0.97109375 0.01328125 0.01796875
0 0.62890625 0.98828125 0.0265625 0.02265625
0 0.653125 0.9953125 0.015625 0.009375