0 0.61328125 0.85625 0.0125 0.0171875
0 0.625 0.8578125 0.0140625 0.021875
0 0.62109375 0.834375 0.0140625 0.0203125
0 0.6171875 0.8078125 0.0140625 0.01875
0 0.6125 0.7828125 0.0140625 0.0203125
0 0.6078125 0.75546875 0.015625 0.021875
0 0.590625 0.72734375 0.0140625 0.021875
0 0.60390625 0.7296875 0.0140625 0.0234375
0 0.59921875 0.70078125 0.015625 0.0234375
0 0.59609375 0.67578125 0.0140625 0.0203125
0 0.5890625 0.6484375 0.015625 0.0234375
0 0.58359375 0.61875 0.015625 0.021875
0 0.5671875 0.5921875 0.015625 0.0234375
0 0.5796875 0.5921875 0.0140625 0.021875
0 0.57421875 0.5640625 0.0140625 0.021875
0 0.56796875 0.5359375 0.0171875 0.025
0 0.5625 0.50546875 0.015625 0.021875
0 0.5578125 0.47734375 0.015625 0.0234375
0 0.540625 0.44921875 0.0140625 0.0234375
0 0.5515625 0.4484375 0.0140625 0.021875
0 0.54609375 0.4203125 0.015625 0.0234375
0 0.53984375 0.390625 0.015625 0.021875
0 0.534375 0.36171875 0.0140625 0.021875
0 0.52734375 0.33125 0.015625 0.021875
0 0.51015625 0.3046875 0.0140625 0.021875
0 0.52265625 0.30234375 0.0140625 0.021875
0 0.5171875 0.27421875 0.0140625 0.021875
0 0.5109375 0.2453125 0.0140625 0.021875
0 0.5046875 0.215625 0.0140625 0.025
0 0.4984375 0.1859375 0.015625 0.021875
0 0.4734375 0.15859375 0.0078125 0.01875
0 0.4828125 0.15859375 0.0125 0.0203125
0 0.49296875 0.15625 0.0140625 0.021875
0 0.4875 0.1265625 0.015625 0.021875
0 0.48046875 0.096875 0.0140625 0.021875
0 0.475 0.06796875 0.015625 0.0234375
0 0.46875 0.0375 0.0140625 0.0203125
0 0.4453125 0.01171875 0.009375 0.021875
0 0.453125 0.0109375 0.0078125 0.021875
0 0.4625 0.01015625 0.015625 0.0203125