0 0.62578125 0.8515625 0.0125 0.01875
0 0.6375 0.853125 0.0140625 0.021875
0 0.6328125 0.8296875 0.0140625 0.0203125
0 0.628125 0.80390625 0.0140625 0.01875
0 0.62265625 0.77890625 0.015625 0.0203125
0 0.61640625 0.7515625 0.015625 0.021875
0 0.5984375 0.72421875 0.0140625 0.021875
0 0.61171875 0.72578125 0.015625 0.0234375
0 0.60625 0.69765625 0.015625 0.0234375
0 0.6015625 0.67265625 0.015625 0.0203125
0 0.59453125 0.6453125 0.015625 0.0234375
0 0.5875 0.615625 0.015625 0.021875
0 0.5703125 0.58984375 0.0171875 0.0234375
0 0.5828125 0.58984375 0.0140625 0.0234375
0 0.5765625 0.56171875 0.0140625 0.021875
0 0.56953125 0.53359375 0.0171875 0.025
0 0.56328125 0.50390625 0.015625 0.021875
0 0.55703125 0.47578125 0.015625 0.0234375
0 0.53828125 0.44765625 0.015625 0.0234375
0 0.54921875 0.446875 0.0140625 0.021875
0 0.54375 0.41875 0.0171875 0.0234375
0 0.5359375 0.38984375 0.015625 0.021875
0 0.5296875 0.3609375 0.0140625 0.0234375
0 0.52109375 0.33046875 0.015625 0.021875
0 0.50390625 0.30390625 0.0140625 0.021875
0 0.515625 0.30234375 0.0140625 0.021875
0 0.509375 0.2734375 0.015625 0.021875
0 0.5015625 0.2453125 0.0140625 0.021875
0 0.4953125 0.215625 0.015625 0.025
0 0.4875 0.1859375 0.015625 0.021875
0 0.46171875 0.16015625 0.0078125 0.01875
0 0.4703125 0.159375 0.0140625 0.0203125
0 0.48125 0.15703125 0.0140625 0.021875
0 0.475 0.12734375 0.015625 0.021875
0 0.46640625 0.09765625 0.0140625 0.021875
0 0.46015625 0.06875 0.0171875 0.0234375
0 0.45234375 0.0390625 0.0140625 0.0203125
0 0.428125 0.0140625 0.0109375 0.021875
0 0.4359375 0.0125 0.009375 0.021875
0 0.4453125 0.0109375 0.015625 0.021875