0 0.53671875 0.871875 0.00859375 0.01640625
0 0.54765625 0.87578125 0.01015625 0.01953125
0 0.54921875 0.85234375 0.01015625 0.01796875
0 0.55078125 0.82578125 0.01015625 0.01640625
0 0.5515625 0.8 0.0109375 0.01875
0 0.55234375 0.77265625 0.01171875 0.01953125
0 0.54140625 0.74140625 0.009375 0.0203125
0 0.55390625 0.74609375 0.01015625 0.021875
0 0.55546875 0.7171875 0.0109375 0.02109375
0 0.55703125 0.6921875 0.0109375 0.01875
0 0.55625 0.6640625 0.0109375 0.02109375
0 0.55703125 0.63359375 0.01171875 0.0203125
0 0.546875 0.60390625 0.01171875 0.021875
0 0.55859375 0.60703125 0.009375 0.02109375
0 0.559375 0.578125 0.01015625 0.0203125
0 0.559375 0.54921875 0.0125 0.02265625
0 0.56015625 0.51875 0.0109375 0.0203125
0 0.5609375 0.48984375 0.0109375 0.02109375
0 0.55 0.45859375 0.01015625 0.02109375
0 0.5609375 0.46015625 0.009375 0.0203125
0 0.56171875 0.43203125 0.01171875 0.02109375
0 0.56171875 0.4015625 0.01171875 0.0203125
0 0.5625 0.371875 0.009375 0.02109375
0 0.56171875 0.340625 0.01171875 0.0203125
0 0.55078125 0.3109375 0.009375 0.0203125
0 0.56328125 0.31171875 0.01015625 0.01953125
0 0.5640625 0.2828125 0.0109375 0.01953125
0 0.56328125 0.253125 0.009375 0.0203125
0 0.5640625 0.22265625 0.01015625 0.0234375
0 0.5640625 0.1921875 0.01171875 0.01953125
0 0.5453125 0.1609375 0.00390625 0.01796875
0 0.55390625 0.1625 0.009375 0.01875
0 0.56484375 0.1625 0.01015625 0.01953125
0 0.565625 0.13203125 0.01171875 0.0203125
0 0.56484375 0.1015625 0.009375 0.0203125
0 0.565625 0.071875 0.01171875 0.02109375
0 0.565625 0.04140625 0.01015625 0.01875
0 0.54765625 0.0109375 0.00546875 0.021875
0 0.55546875 0.01171875 0.00390625 0.02109375
0 0.565625 0.01171875 0.0109375 0.02109375