0 0.5171875 0.64765625 0.02109375 0.04375
0 0.51328125 0.575 0.01953125 0.0453125
0 0.5078125 0.50234375 0.02265625 0.046875
0 0.44921875 0.42890625 0.0109375 0.04140625
0 0.47578125 0.42734375 0.021875 0.046875
0 0.50234375 0.4265625 0.0234375 0.04140625
0 0.49609375 0.35234375 0.0234375 0.046875
0 0.490625 0.27578125 0.0203125 0.04140625
0 0.4828125 0.203125 0.02265625 0.046875
0 0.4765625 0.12890625 0.02265625 0.04453125
0 0.41171875 0.0546875 0.01015625 0.0421875
0 0.43984375 0.05078125 0.0234375 0.0453125
0 0.46953125 0.05234375 0.0234375 0.03828125