0 0.51953125 0.64765625 0.021875 0.04375
0 0.51484375 0.575 0.0203125 0.0453125
0 0.5078125 0.50234375 0.0234375 0.046875
0 0.44765625 0.4296875 0.0109375 0.0421875
0 0.47421875 0.428125 0.0234375 0.046875
0 0.50078125 0.4265625 0.0234375 0.0421875
0 0.49375 0.35234375 0.025 0.046875
0 0.48671875 0.27578125 0.0203125 0.0421875
0 0.47734375 0.203125 0.0234375 0.046875
0 0.4703125 0.1296875 0.0234375 0.0453125
0 0.40390625 0.05625 0.0109375 0.0421875
0 0.43203125 0.0515625 0.025 0.0453125
0 0.46171875 0.053125 0.0234375 0.0390625