0 0.53984375 0.64296875 0.028125 0.046875
0 0.525 0.571875 0.0265625 0.0484375
0 0.5078125 0.50078125 0.0296875 0.05
0 0.4390625 0.4375 0.0171875 0.0421875
0 0.46484375 0.43203125 0.0296875 0.05
0 0.490625 0.42734375 0.0296875 0.0453125
0 0.47265625 0.3546875 0.03125 0.05
0 0.45546875 0.2796875 0.0265625 0.04375
0 0.43671875 0.209375 0.0296875 0.05
0 0.41875 0.1375 0.0296875 0.046875
0 0.34296875 0.07421875 0.0171875 0.04375
0 0.3703125 0.065625 0.0296875 0.0484375
0 0.4 0.0625 0.0296875 0.0421875