0 0.53515625 0.0328125 0.05625 0.059375
0 0.534375 0.10546875 0.0515625 0.0703125
0 0.421875 0.16171875 0.028125 0.0515625
0 0.478125 0.1734375 0.0484375 0.05625
0 0.53125 0.1859375 0.05 0.0546875
0 0.5296875 0.25234375 0.0484375 0.05625
0 0.5265625 0.3140625 0.0484375 0.0484375
0 0.52265625 0.3765625 0.046875 0.0421875
0 0.51953125 0.43125 0.04375 0.05
0 0.40703125 0.45859375 0.0203125 0.0375
0 0.46171875 0.46875 0.046875 0.046875
0 0.5015625 0.4796875 0.01875 0.0375
0 0.528125 0.484375 0.025 0.0390625
0 0.50859375 0.52734375 0.046875 0.0453125
0 0.50234375 0.56953125 0.0421875 0.040625