0 0.5265625 0.03203125 0.0578125 0.0609375
0 0.528125 0.1046875 0.0515625 0.071875
0 0.41640625 0.16328125 0.0296875 0.053125
0 0.47265625 0.1734375 0.0484375 0.0578125
0 0.52578125 0.18515625 0.05 0.0546875
0 0.52578125 0.25234375 0.0484375 0.05625
0 0.5234375 0.3140625 0.0484375 0.05
0 0.5203125 0.3765625 0.0484375 0.0421875
0 0.51796875 0.43046875 0.0453125 0.05
0 0.40625 0.46015625 0.021875 0.0375
0 0.4609375 0.46953125 0.0484375 0.046875
0 0.5015625 0.4796875 0.0203125 0.0375
0 0.528125 0.48359375 0.0265625 0.0390625
0 0.50859375 0.52734375 0.046875 0.046875
0 0.50390625 0.56953125 0.04375 0.040625