0 0.58359375 0.0390625 0.05078125 0.0546875
0 0.57578125 0.1109375 0.04453125 0.06640625
0 0.4578125 0.15546875 0.0234375 0.05
0 0.5125 0.17265625 0.04296875 0.05234375
0 0.5640625 0.190625 0.04453125 0.05
0 0.55546875 0.25703125 0.04296875 0.0515625
0 0.54609375 0.31796875 0.04375 0.04453125
0 0.53515625 0.3796875 0.04375 0.0375
0 0.5265625 0.43359375 0.03984375 0.04609375
0 0.41171875 0.44921875 0.0171875 0.0359375
0 0.46484375 0.46484375 0.04296875 0.0421875
0 0.50390625 0.4796875 0.015625 0.0359375
0 0.5296875 0.4875 0.021875 0.03671875
0 0.50546875 0.528125 0.0421875 0.04140625
0 0.4953125 0.56953125 0.0390625 0.03671875