0 0.4390625 0.58671875 0.071875 0.0875
0 0.48515625 0.5953125 0.040625 0.0515625
0 0.49296875 0.5234375 0.040625 0.0484375
0 0.5078125 0.446875 0.0359375 0.046875
0 0.528125 0.375 0.04375 0.0421875
0 0.55234375 0.30703125 0.04375 0.04375
0 0.50703125 0.23515625 0.0625 0.0703125
0 0.54453125 0.23046875 0.084375 0.075
0 0.58203125 0.2375 0.05 0.04375
0 0.6140625 0.17890625 0.053125 0.04375
0 0.65859375 0.1140625 0.046875 0.0390625
0 0.70546875 0.0609375 0.0546875 0.040625
0 0.7609375 0.0125 0.05625 0.025