0 0.509375 0.69921875 0.015625 0.02734375
0 0.51171875 0.6453125 0.01875 0.0421875
0 0.5078125 0.57109375 0.01875 0.0453125
0 0.503125 0.496875 0.01953125 0.04296875
0 0.44375 0.42578125 0.009375 0.03984375
0 0.46953125 0.42265625 0.021875 0.04140625
0 0.496875 0.421875 0.021875 0.0421875
0 0.490625 0.346875 0.021875 0.04296875
0 0.484375 0.2734375 0.02109375 0.040625
0 0.4765625 0.19921875 0.0203125 0.04375
0 0.46953125 0.1234375 0.021875 0.0421875
0 0.40546875 0.05078125 0.01015625 0.04140625
0 0.43359375 0.04765625 0.0234375 0.04296875
0 0.46328125 0.0484375 0.021875 0.0359375