0 0.4578125 0.69453125 0.021875 0.0296875
0 0.4734375 0.64375 0.0296875 0.0453125
0 0.4890625 0.5703125 0.0296875 0.0484375
0 0.50390625 0.49765625 0.0296875 0.046875
0 0.46484375 0.4140625 0.01875 0.040625
0 0.490625 0.4171875 0.03125 0.0453125
0 0.5171875 0.4234375 0.0328125 0.046875
0 0.53046875 0.35 0.0328125 0.046875
0 0.54375 0.27734375 0.03125 0.0453125
0 0.55546875 0.203125 0.03125 0.046875
0 0.56796875 0.128125 0.0328125 0.046875
0 0.525 0.04140625 0.0203125 0.0421875
0 0.553125 0.04609375 0.034375 0.046875
0 0.58125 0.0546875 0.0296875 0.040625