0 0.51640625 0.6984375 0.0171875 0.028125
0 0.51640625 0.64453125 0.0203125 0.0421875
0 0.51015625 0.57109375 0.0203125 0.0453125
0 0.503125 0.496875 0.0203125 0.04375
0 0.44140625 0.428125 0.0109375 0.040625
0 0.4671875 0.4234375 0.0234375 0.0421875
0 0.49453125 0.421875 0.0234375 0.0421875
0 0.48515625 0.34765625 0.0234375 0.04375
0 0.4765625 0.27421875 0.021875 0.040625
0 0.46640625 0.2 0.021875 0.04375
0 0.45625 0.125 0.0234375 0.0421875
0 0.38984375 0.0546875 0.0109375 0.0421875
0 0.41796875 0.05 0.025 0.04375
0 0.44765625 0.05 0.0234375 0.0359375