0 0.44375 0.784375 0.02890625 0.05859375
0 0.44453125 0.6828125 0.03125 0.059375
0 0.37265625 0.58359375 0.028125 0.05625
0 0.41015625 0.58125 0.02890625 0.05703125
0 0.446875 0.5828125 0.03046875 0.05625
0 0.44765625 0.4828125 0.02734375 0.05390625
0 0.4484375 0.38203125 0.02890625 0.0546875
0 0.44921875 0.27890625 0.028125 0.05625
0 0.4515625 0.178125 0.02734375 0.0546875
0 0.37890625 0.07734375 0.028125 0.053125
0 0.415625 0.0765625 0.02734375 0.05703125
0 0.45234375 0.07578125 0.0296875 0.059375