0 0.48359375 0.6328125 0.03125 0.05
0 0.49609375 0.55625 0.0296875 0.0484375
0 0.4421875 0.46796875 0.0171875 0.04375
0 0.4765625 0.475 0.0328125 0.05
0 0.51015625 0.4828125 0.0328125 0.053125
0 0.5234375 0.40703125 0.03125 0.0515625
0 0.5390625 0.33515625 0.0296875 0.05
0 0.5546875 0.25859375 0.0328125 0.0515625
0 0.5703125 0.18203125 0.03125 0.046875
0 0.515625 0.09765625 0.0171875 0.0484375
0 0.55078125 0.10078125 0.034375 0.053125
0 0.58515625 0.11171875 0.0328125 0.0484375
0 0.6 0.03671875 0.034375 0.0515625