0 0.4453125 0.571875 0.053125 0.08125
0 0.478125 0.5828125 0.028125 0.0421875
0 0.47578125 0.5109375 0.028125 0.04375
0 0.4765625 0.43984375 0.028125 0.0421875
0 0.48125 0.37109375 0.0296875 0.04375
0 0.48671875 0.303125 0.03125 0.040625
0 0.43203125 0.2328125 0.04375 0.06875
0 0.465625 0.22890625 0.059375 0.0734375
0 0.49921875 0.2375 0.0375 0.040625
0 0.51640625 0.17578125 0.0375 0.0328125
0 0.546875 0.121875 0.0359375 0.0296875
0 0.58203125 0.0671875 0.040625 0.034375
0 0.6203125 0.015625 0.040625 0.03125