0 0.4421875 0.5703125 0.0515625 0.0796875
0 0.47578125 0.58203125 0.0265625 0.0421875
0 0.475 0.51015625 0.028125 0.04375
0 0.478125 0.4390625 0.0265625 0.0421875
0 0.4859375 0.3703125 0.028125 0.0421875
0 0.49375 0.30234375 0.0296875 0.040625
0 0.44140625 0.23125 0.040625 0.0671875
0 0.475 0.22734375 0.0578125 0.071875
0 0.50859375 0.2375 0.0375 0.040625
0 0.528125 0.1765625 0.0359375 0.03125
0 0.56015625 0.1234375 0.0359375 0.028125
0 0.596875 0.0703125 0.0390625 0.0328125
0 0.63671875 0.0203125 0.040625 0.0296875