0 0.37109375 0.19609375 0.0078125 0.015625
0 0.3765625 0.19453125 0.0046875 0.0140625
0 0.384375 0.19375 0.0109375 0.015625
0 0.3890625 0.2171875 0.0109375 0.0171875
0 0.39296875 0.2390625 0.0109375 0.015625
0 0.396875 0.2609375 0.009375 0.0140625
0 0.40078125 0.28203125 0.0109375 0.0125
0 0.39140625 0.3046875 0.00625 0.015625
0 0.396875 0.30390625 0.009375 0.0171875
0 0.40390625 0.30390625 0.009375 0.015625
0 0.40703125 0.32421875 0.009375 0.015625
0 0.4109375 0.34453125 0.015625 0.01875
0 0.41328125 0.36796875 0.0140625 0.01875
0 0.41328125 0.3890625 0.0109375 0.0171875
0 0.40546875 0.4125 0.0109375 0.01875
0 0.41484375 0.4125 0.0109375 0.0171875
0 0.4140625 0.4328125 0.0109375 0.0171875
0 0.4140625 0.45625 0.0125 0.0171875
0 0.41328125 0.48046875 0.009375 0.0140625
0 0.4109375 0.503125 0.0109375 0.0171875
0 0.4015625 0.52890625 0.0109375 0.01875
0 0.41171875 0.528125 0.0140625 0.01875
0 0.4109375 0.553125 0.0125 0.0171875
0 0.41015625 0.578125 0.0125 0.0171875
0 0.4125 0.60234375 0.0078125 0.015625
0 0.4140625 0.62734375 0.0109375 0.01875
0 0.4078125 0.65390625 0.0109375 0.01875
0 0.41640625 0.653125 0.0109375 0.0140625
0 0.41875 0.678125 0.0125 0.0171875
0 0.4203125 0.703125 0.0109375 0.015625
0 0.4234375 0.7265625 0.0109375 0.015625
0 0.4265625 0.75234375 0.0109375 0.0171875
0 0.42109375 0.778125 0.009375 0.015625
0 0.42890625 0.7765625 0.0109375 0.0140625
0 0.4328125 0.8 0.0109375 0.015625
0 0.4375 0.82421875 0.0140625 0.0171875
0 0.44140625 0.846875 0.0109375 0.015625
0 0.44375 0.8703125 0.0109375 0.015625