0 0.4203125 0.1796875 0.00546875 0.01484375
0 0.42578125 0.17890625 0.003125 0.01328125
0 0.43359375 0.1796875 0.00859375 0.01484375
0 0.434375 0.203125 0.00859375 0.015625
0 0.43515625 0.22578125 0.009375 0.0140625
0 0.4359375 0.24765625 0.00703125 0.0125
0 0.4359375 0.26953125 0.00859375 0.01171875
0 0.4234375 0.28984375 0.00390625 0.01484375
0 0.42890625 0.28984375 0.00703125 0.01640625
0 0.4359375 0.29140625 0.00703125 0.0140625
0 0.4359375 0.31171875 0.0078125 0.0140625
0 0.4359375 0.3328125 0.01328125 0.01640625
0 0.43515625 0.35625 0.01171875 0.01640625
0 0.43203125 0.3765625 0.00859375 0.01640625
0 0.4203125 0.3984375 0.00859375 0.0171875
0 0.4296875 0.4 0.009375 0.015625
0 0.42578125 0.4203125 0.00859375 0.01640625
0 0.421875 0.44296875 0.009375 0.01640625
0 0.4171875 0.4671875 0.0078125 0.01328125
0 0.41171875 0.4890625 0.0078125 0.015625
0 0.3984375 0.51328125 0.00859375 0.0171875
0 0.40859375 0.5140625 0.0109375 0.0171875
0 0.40390625 0.53828125 0.01015625 0.01640625
0 0.39921875 0.56328125 0.009375 0.01640625
0 0.39765625 0.5875 0.00625 0.0140625
0 0.3953125 0.6125 0.00859375 0.0171875
0 0.38515625 0.6375 0.00859375 0.0171875
0 0.39375 0.63828125 0.009375 0.01328125
0 0.3921875 0.66328125 0.009375 0.01640625
0 0.38984375 0.68828125 0.00859375 0.01484375
0 0.3890625 0.71171875 0.00859375 0.0140625
0 0.38828125 0.7375 0.0078125 0.01640625
0 0.37890625 0.7625 0.00703125 0.01484375
0 0.38671875 0.76171875 0.00859375 0.01328125
0 0.38671875 0.7859375 0.00859375 0.0140625
0 0.3875 0.81015625 0.0109375 0.01640625
0 0.3875 0.83359375 0.00859375 0.0140625
0 0.38671875 0.85703125 0.00859375 0.01484375