0 0.41484375 0.18125 0.00625 0.015625
0 0.4203125 0.18046875 0.003125 0.0140625
0 0.428125 0.18125 0.009375 0.015625
0 0.42890625 0.2046875 0.009375 0.015625
0 0.43046875 0.22734375 0.009375 0.0140625
0 0.43125 0.2484375 0.0078125 0.0125
0 0.43203125 0.2703125 0.009375 0.0125
0 0.41953125 0.29140625 0.0046875 0.015625
0 0.425 0.29140625 0.0078125 0.0171875
0 0.43203125 0.2921875 0.0078125 0.0140625
0 0.4328125 0.3125 0.0078125 0.0140625
0 0.4328125 0.33359375 0.0140625 0.0171875
0 0.4328125 0.35703125 0.0125 0.0171875
0 0.4296875 0.378125 0.009375 0.0171875
0 0.41875 0.4 0.009375 0.0171875
0 0.428125 0.4015625 0.009375 0.015625
0 0.42421875 0.421875 0.009375 0.0171875
0 0.42109375 0.44453125 0.009375 0.0171875
0 0.41640625 0.46875 0.0078125 0.0140625
0 0.41171875 0.490625 0.0078125 0.015625
0 0.3984375 0.51484375 0.009375 0.0171875
0 0.40859375 0.515625 0.0109375 0.0171875
0 0.4046875 0.53984375 0.0109375 0.0171875
0 0.4 0.56484375 0.009375 0.0171875
0 0.39921875 0.5890625 0.00625 0.0140625
0 0.39765625 0.6140625 0.009375 0.0171875
0 0.3875 0.63984375 0.009375 0.0171875
0 0.39609375 0.63984375 0.009375 0.0140625
0 0.3953125 0.66484375 0.009375 0.0171875
0 0.39296875 0.68984375 0.009375 0.015625
0 0.39296875 0.71328125 0.009375 0.0140625
0 0.3921875 0.7390625 0.0078125 0.0171875
0 0.38359375 0.76484375 0.0078125 0.015625
0 0.39140625 0.76328125 0.009375 0.0140625
0 0.39140625 0.7875 0.009375 0.0140625
0 0.39296875 0.81171875 0.0109375 0.0171875
0 0.39296875 0.83515625 0.009375 0.0140625
0 0.39296875 0.85859375 0.009375 0.015625