0 0.49609375 0.14296875 0.0109375 0.025
0 0.50546875 0.14140625 0.015625 0.025
0 0.51953125 0.1390625 0.0171875 0.0265625
0 0.52421875 0.17734375 0.015625 0.0234375
0 0.5296875 0.2140625 0.0140625 0.0234375
0 0.53515625 0.25 0.015625 0.021875
0 0.53984375 0.2859375 0.015625 0.021875
0 0.52421875 0.32421875 0.0078125 0.021875
0 0.5328125 0.32265625 0.0140625 0.0203125
0 0.5453125 0.32109375 0.0171875 0.021875
0 0.55 0.3546875 0.0140625 0.0203125
0 0.5546875 0.3890625 0.0140625 0.0203125
0 0.559375 0.42109375 0.0140625 0.0203125
0 0.5640625 0.4546875 0.0140625 0.021875
0 0.54765625 0.48984375 0.009375 0.0203125
0 0.55625 0.48828125 0.0140625 0.0203125
0 0.56796875 0.48515625 0.015625 0.021875
0 0.571875 0.51640625 0.0140625 0.0203125
0 0.5765625 0.546875 0.0140625 0.0203125
0 0.58125 0.57421875 0.0125 0.01875
0 0.58515625 0.60390625 0.0125 0.01875
0 0.5703125 0.6375 0.0078125 0.01875
0 0.578125 0.63515625 0.0109375 0.0171875
0 0.58828125 0.63125 0.0140625 0.01875
0 0.59296875 0.65703125 0.0125 0.0171875
0 0.596875 0.6828125 0.0125 0.0171875
0 0.6 0.7078125 0.0125 0.015625
0 0.603125 0.7296875 0.0109375 0.0171875
0 0.590625 0.75859375 0.00625 0.0140625
0 0.596875 0.75625 0.00625 0.0140625
0 0.60625 0.75234375 0.0125 0.015625
0 0.609375 0.77421875 0.0125 0.015625
0 0.6125 0.79453125 0.0125 0.0140625
0 0.615625 0.81171875 0.009375 0.0125
0 0.61796875 0.828125 0.009375 0.0125
0 0.6046875 0.85078125 0.00625 0.0109375
0 0.61171875 0.84765625 0.009375 0.0109375
0 0.62109375 0.84453125 0.0109375 0.0125