0 0.54609375 0.14609375 0.00703125 0.02421875
0 0.55546875 0.1453125 0.0125 0.0234375
0 0.56953125 0.1453125 0.0140625 0.025
0 0.56875 0.18359375 0.0125 0.02265625
0 0.56953125 0.22109375 0.01171875 0.021875
0 0.56953125 0.25703125 0.0125 0.0203125
0 0.56953125 0.29375 0.0125 0.02109375
0 0.5484375 0.3296875 0.00546875 0.021875
0 0.55703125 0.32890625 0.0109375 0.01953125
0 0.56953125 0.32890625 0.0140625 0.0203125
0 0.56953125 0.36328125 0.01171875 0.01953125
0 0.56953125 0.39765625 0.01171875 0.01953125
0 0.56953125 0.43046875 0.0109375 0.01953125
0 0.56953125 0.4640625 0.0109375 0.0203125
0 0.5484375 0.496875 0.00703125 0.01953125
0 0.55703125 0.49609375 0.0109375 0.01875
0 0.56953125 0.49453125 0.01328125 0.01953125
0 0.56875 0.5265625 0.01171875 0.01953125
0 0.56953125 0.55703125 0.0109375 0.01875
0 0.5703125 0.58515625 0.0109375 0.0171875
0 0.56953125 0.61484375 0.01015625 0.01796875
0 0.55078125 0.64609375 0.0046875 0.01796875
0 0.55859375 0.64453125 0.009375 0.01640625
0 0.56953125 0.6421875 0.0125 0.01640625
0 0.5703125 0.66875 0.01015625 0.015625
0 0.5703125 0.69453125 0.01015625 0.015625
0 0.5703125 0.71953125 0.01015625 0.0140625
0 0.5703125 0.7421875 0.009375 0.015625
0 0.55390625 0.76875 0.0046875 0.0140625
0 0.56015625 0.7671875 0.00390625 0.01328125
0 0.5703125 0.76484375 0.0109375 0.01484375
0 0.5703125 0.78671875 0.01015625 0.0140625
0 0.5703125 0.80703125 0.01015625 0.01328125
0 0.57109375 0.825 0.00859375 0.01171875
0 0.57109375 0.84140625 0.00859375 0.01171875
0 0.5546875 0.86171875 0.0046875 0.0109375
0 0.5625 0.86015625 0.00859375 0.01015625
0 0.571875 0.8578125 0.01015625 0.0109375