0 0.471875 0.14453125 0.0125 0.025
0 0.48046875 0.14140625 0.0171875 0.025
0 0.49453125 0.13828125 0.01875 0.028125
0 0.5015625 0.1765625 0.0171875 0.025
0 0.51015625 0.2125 0.015625 0.0234375
0 0.5171875 0.24765625 0.0171875 0.021875
0 0.525 0.28359375 0.0171875 0.0234375
0 0.51171875 0.3234375 0.009375 0.021875
0 0.5203125 0.32109375 0.0140625 0.021875
0 0.5328125 0.31796875 0.01875 0.0234375
0 0.53984375 0.3515625 0.015625 0.021875
0 0.546875 0.38515625 0.015625 0.021875
0 0.55390625 0.4171875 0.0140625 0.021875
0 0.56015625 0.45078125 0.015625 0.021875
0 0.546875 0.48671875 0.0109375 0.0203125
0 0.5546875 0.484375 0.0140625 0.0203125
0 0.5671875 0.48046875 0.0171875 0.021875
0 0.57265625 0.51171875 0.015625 0.021875
0 0.5796875 0.54140625 0.0140625 0.0203125
0 0.58671875 0.56875 0.0140625 0.01875
0 0.5921875 0.59765625 0.0140625 0.0203125
0 0.5796875 0.63203125 0.0078125 0.01875
0 0.5875 0.62890625 0.0125 0.01875
0 0.59765625 0.625 0.015625 0.01875
0 0.60390625 0.65078125 0.0125 0.0171875
0 0.609375 0.67578125 0.0125 0.0171875
0 0.6140625 0.7 0.0125 0.015625
0 0.61875 0.72265625 0.0125 0.0171875
0 0.60859375 0.7515625 0.0078125 0.0140625
0 0.6140625 0.74921875 0.00625 0.0140625
0 0.62421875 0.74453125 0.0140625 0.0171875
0 0.628125 0.765625 0.0125 0.015625
0 0.6328125 0.7859375 0.0125 0.015625
0 0.6375 0.803125 0.0109375 0.0125
0 0.640625 0.81953125 0.0109375 0.0125
0 0.62890625 0.8421875 0.00625 0.0109375
0 0.6359375 0.8390625 0.0109375 0.0125
0 0.64453125 0.83515625 0.0125 0.0125