0 0.4265625 0.01796875 0.025 0.034375
0 0.44296875 0.075 0.025 0.04375
0 0.46015625 0.13671875 0.0203125 0.0421875
0 0.4734375 0.1359375 0.0234375 0.0421875
0 0.47734375 0.1984375 0.025 0.0421875
0 0.49296875 0.26171875 0.0234375 0.0484375
0 0.5078125 0.321875 0.025 0.040625
0 0.51953125 0.3859375 0.0234375 0.0390625
0 0.53046875 0.4515625 0.025 0.0421875
0 0.54921875 0.4484375 0.03125 0.0453125
0 0.534375 0.521875 0.0296875 0.046875
0 0.53125 0.59921875 0.034375 0.04375
0 0.4921875 0.1375 0.028125 0.0484375