0 0.55390625 0.015625 0.0171875 0.03125
0 0.5546875 0.075 0.01484375 0.040625
0 0.55546875 0.1390625 0.009375 0.04140625
0 0.56875 0.14140625 0.01328125 0.03984375
0 0.55625 0.203125 0.015625 0.03984375
0 0.5546875 0.26796875 0.0125 0.04609375
0 0.55390625 0.3296875 0.01484375 0.03828125
0 0.5484375 0.39453125 0.01484375 0.03671875
0 0.5421875 0.4609375 0.015625 0.0390625
0 0.5609375 0.46328125 0.02109375 0.04140625
0 0.52734375 0.5296875 0.01953125 0.04296875
0 0.5046875 0.60390625 0.025 0.0390625
0 0.5859375 0.14765625 0.01796875 0.04453125