0 0.87265625 0.03828125 0.015625 0.028125
0 0.8734375 0.08125 0.015625 0.02421875
0 0.853125 0.1125 0.0234375 0.04609375
0 0.8734375 0.12421875 0.015625 0.02578125
0 0.87265625 0.1703125 0.0171875 0.028125
0 0.8734375 0.21640625 0.01875 0.028125
0 0.86953125 0.2609375 0.01484375 0.02890625
0 0.87265625 0.309375 0.01796875 0.0265625
0 0.85 0.34375 0.02578125 0.059375
0 0.87265625 0.35859375 0.01640625 0.0296875
0 0.871875 0.4078125 0.015625 0.028125
0 0.87265625 0.4578125 0.01640625 0.03046875
0 0.8734375 0.50859375 0.01640625 0.0328125
0 0.87578125 0.55859375 0.01875 0.03203125
0 0.8546875 0.59140625 0.0234375 0.05625
0 0.875 0.6078125 0.01640625 0.028125
0 0.875 0.65859375 0.01796875 0.03046875
0 0.87578125 0.71015625 0.01796875 0.03046875
0 0.87734375 0.759375 0.01875 0.02734375
0 0.87578125 0.80703125 0.01640625 0.0296875