0 0.821875 0.0078125 0.01875 0.015625
0 0.82734375 0.04453125 0.01875 0.025
0 0.8109375 0.07734375 0.028125 0.0484375
0 0.83203125 0.0875 0.01875 0.0265625
0 0.8359375 0.1328125 0.0203125 0.0296875
0 0.84140625 0.17890625 0.021875 0.0296875
0 0.8421875 0.2234375 0.0171875 0.0296875
0 0.85078125 0.27109375 0.0203125 0.028125
0 0.83203125 0.3078125 0.03125 0.0625
0 0.85546875 0.3203125 0.01875 0.03125
0 0.86015625 0.36953125 0.01875 0.0296875
0 0.86640625 0.41875 0.01875 0.03125
0 0.87265625 0.46953125 0.0203125 0.034375
0 0.8796875 0.51875 0.021875 0.034375
0 0.8625 0.55390625 0.0296875 0.0578125
0 0.884375 0.56796875 0.01875 0.0296875
0 0.88984375 0.61875 0.0203125 0.0328125
0 0.8953125 0.66953125 0.0203125 0.0328125
0 0.90234375 0.71875 0.021875 0.0296875
0 0.90546875 0.76640625 0.01875 0.03125