0 0.84765625 0.01953125 0.0171875 0.028125
0 0.85078125 0.0625 0.0171875 0.025
0 0.83203125 0.09453125 0.0265625 0.046875
0 0.853125 0.10546875 0.0171875 0.0265625
0 0.8546875 0.1515625 0.01875 0.0296875
0 0.8578125 0.196875 0.0203125 0.0296875
0 0.85625 0.2421875 0.015625 0.0296875
0 0.8625 0.28984375 0.01875 0.028125
0 0.84140625 0.32578125 0.028125 0.0609375
0 0.86484375 0.3390625 0.0171875 0.03125
0 0.86640625 0.38828125 0.0171875 0.028125
0 0.8703125 0.43828125 0.01875 0.03125
0 0.8734375 0.4890625 0.01875 0.034375
0 0.878125 0.5390625 0.0203125 0.0328125
0 0.859375 0.57265625 0.0265625 0.0578125
0 0.88046875 0.58828125 0.0171875 0.0296875
0 0.8828125 0.6390625 0.0203125 0.03125
0 0.8859375 0.68984375 0.0203125 0.03125
0 0.890625 0.7390625 0.0203125 0.028125
0 0.89140625 0.78671875 0.0171875 0.03125